100 2 1
-0.666665821151693 -0.0010617686109912188 1
-0.6610623369484611 -0.08626141149253151 1
-0.644615215258677 -0.1700460781713413 1
-0.617594243990883 -0.25104141935898566 1
-0.580442657618722 -0.32791884005186317 1
-0.5337698666503309 -0.3994172929412701 1
-0.47834146125392785 -0.4643639638149169 1
-0.4150666530136282 -0.5216935096400077 1
-0.34498336081278014 -0.5704655337588447 1
-0.2692411854863039 -0.6098800115452007 1
-0.18908255251478912 -0.639290413489 1
-0.10582233208335806 -0.6582143104467449 1
-0.02082627080461669 -0.6663412870960476 1
0.06451141110228571 -0.6635380337870892 1
0.14879088969515836 -0.6498505332675873 1
0.23062969911210485 -0.6255033064116483 1
0.3086854086441773 -0.5908957293250829 1
0.38167764309736857 -0.5465954822389975 1
0.44840908523621525 -0.49332923765175835 1
0.5077851157985636 -0.43197074046500394 1
0.558831768919438 -0.3635264756394179 1
0.6007117084349004 -0.2891191584687319 1
0.6327379630009761 -0.20996931828679133 1
0.6543851947256752 -0.12737527769659468 1
0.6652983164707806 -0.042691855729043236 1
0.6652983164707806 0.04269185572904353 1
0.6543851947256751 0.12737527769659499 1
0.6327379630009761 0.20996931828679133 1
0.6007117084349002 0.28911915846873215 1
0.558831768919438 0.3635264756394179 1
0.5077851157985634 0.43197074046500417 1
0.44840908523621525 0.49332923765175835 1
0.38167764309736835 0.5465954822389976 1
0.3086854086441771 0.590895729325083 1
0.2306296991121044 0.6255033064116485 1
0.14879088969515836 0.6498505332675873 1
0.06451141110228557 0.6635380337870892 1
-0.020826270804616985 0.6663412870960476 1
-0.10582233208335835 0.6582143104467449 1
-0.189082552514789 0.639290413489 1
-0.2692411854863039 0.6098800115452007 1
-0.3449833608127804 0.5704655337588446 1
-0.41506665301362844 0.5216935096400075 1
-0.47834146125392807 0.4643639638149168 1
-0.5337698666503309 0.3994172929412701 1
-0.580442657618722 0.32791884005186317 1
-0.6175942439908831 0.25104141935898533 1
-0.6446152152586772 0.170046078171341 1
-0.6610623369484611 0.08626141149253092 1
-0.666665821151693 0.0010617686109912188 1
-0.22222194038389767 -0.00035392287033040627 0
-0.22035411231615368 -0.028753803830843836 0
-0.214871738419559 -0.05668202605711376 0
-0.205864747996961 -0.08368047311966188 0
-0.19348088587290735 -0.10930628001728772 0
-0.17792328888344364 -0.13313909764709003 0
-0.15944715375130927 -0.15478798793830564 0
-0.13835555100454275 -0.17389783654666924 0
-0.11499445360426004 -0.1901551779196149 0
-0.08974706182876796 -0.20329333718173356 0
-0.0630275175049297 -0.2130968044963333 0
-0.03527411069445269 -0.219404770148915 0
-0.006942090268205563 -0.2221137623653492 0
0.021503803700761905 -0.2211793445956964 0
0.04959696323171945 -0.21661684442252913 0
0.07687656637070162 -0.2085011021372161 0
0.10289513621472578 -0.19696524310836097 0
0.1272258810324562 -0.18219849407966582 0
0.14946969507873842 -0.1644430792172528 0
0.16926170526618786 -0.14399024682166797 0
0.18627725630647932 -0.12117549187980597 0
0.2002372361449668 -0.09637305282291063 0
0.2109126543336587 -0.06998977276226377 0
0.21812839824189176 -0.04245842589886489 0
0.2217661054902602 -0.014230618576347746 0
0.2217661054902602 0.014230618576347843 0
0.2181283982418917 0.042458425898865 0
0.2109126543336587 0.06998977276226377 0
0.20023723614496672 0.09637305282291071 0
0.18627725630647932 0.12117549187980597 0
0.1692617052661878 0.14399024682166806 0
0.14946969507873842 0.1644430792172528 0
0.1272258810324561 0.18219849407966585 0
0.1028951362147257 0.19696524310836103 0
0.07687656637070146 0.20850110213721618 0
0.04959696323171945 0.21661684442252913 0
0.021503803700761857 0.2211793445956964 0
-0.006942090268205661 0.2221137623653492 0
-0.035274110694452784 0.219404770148915 0
-0.06302751750492967 0.2130968044963333 0
-0.08974706182876796 0.20329333718173356 0
-0.11499445360426014 0.19015517791961487 0
-0.1383555510045428 0.17389783654666915 0
-0.15944715375130936 0.1547879879383056 0
-0.17792328888344364 0.13313909764709003 0
-0.19348088587290735 0.10930628001728772 0
-0.20586474799696106 0.08368047311966177 0
-0.21487173841955906 0.056682026057113664 0
-0.22035411231615368 0.02875380383084364 0
-0.22222194038389767 0.00035392287033040627 0
